
MESH
    Magic: 3HSM
    Vertex Count: 80
    Adjunct Count: 86
    Surface Count: 70
    Indices Count: 280
    Radius: 1430.13
    Radius Sqr: 2045264.00
    BoundingBox Radius: 488.49
    Texture Count: 1
    Flags: 3
    Cache Size: 2640

    Texture Names: ['T_GRASS']

    Vertices: [{ -653.78, 8.00, -739.33 }, { -635.31, 0.00, -722.90 }, { -595.57, 0.00, -814.36 }, { -654.79, 8.00, -830.33 }, { -656.75, -0.00, -852.66 }, { -737.38, 2.54, -836.80 }, { -804.79, 8.00, -810.33 }, { -794.79, 8.00, -800.33 }, { -824.23, 5.00, -807.19 }, { -844.79, 8.00, -770.33 }, { -851.91, 10.00, -787.93 }, { -824.79, 8.00, -750.33 }, { -914.79, 8.00, -680.33 }, { -904.79, 8.00, -670.33 }, { -954.11, 10.00, -670.49 }, { -960.00, 8.00, -640.00 }, { -905.74, 10.00, -733.31 }, { -940.00, 8.00, -580.00 }, { -960.00, 8.00, -600.00 }, { -960.00, 8.00, -560.00 }, { -940.00, 8.00, -620.00 }, { -988.92, 9.00, -611.85 }, { -1016.37, 8.00, -549.64 }, { -900.00, 8.00, -500.00 }, { -1033.99, 9.00, -635.06 }, { -996.06, 10.00, -698.94 }, { -1077.43, 8.00, -700.24 }, { -1109.17, 8.00, -649.46 }, { -1167.56, 8.00, -685.95 }, { -1215.00, -3.00, -630.00 }, { -1190.00, -3.00, -620.00 }, { -1063.83, 8.00, -567.40 }, { -912.24, 10.00, -836.14 }, { -930.00, 8.00, -870.00 }, { -1000.00, 8.00, -780.00 }, { -948.00, 10.00, -761.36 }, { -1030.00, 8.00, -800.00 }, { -1090.20, 8.00, -708.22 }, { -904.65, 6.79, -863.01 }, { -831.43, -0.00, -1004.83 }, { -658.30, -0.00, -884.50 }, { -676.57, 3.33, -942.82 }, { -808.73, 3.33, -1031.35 }, { -668.62, 5.40, -1048.14 }, { -740.42, 6.67, -1093.58 }, { -692.56, 10.00, -1126.70 }, { -656.14, 10.00, -1090.51 }, { -741.04, -0.00, -850.45 }, { -665.69, -0.00, -865.28 }, { -841.92, -0.00, -987.76 }, { -860.22, 3.33, -945.40 }, { -830.64, 5.53, -819.88 }, { -891.22, 6.67, -858.72 }, { -859.84, 10.00, -799.58 }, { -898.67, 10.00, -832.31 }, { -450.00, -0.00, -1100.00 }, { -411.79, 5.00, -1090.10 }, { -435.70, 0.00, -1208.88 }, { -460.00, -0.00, -1180.00 }, { -550.21, 1.00, -1255.28 }, { -540.00, -0.00, -1210.00 }, { -580.44, 7.00, -1197.12 }, { -540.00, -0.00, -1100.00 }, { -605.16, 10.00, -1163.66 }, { -580.00, -0.00, -1100.00 }, { -642.58, 10.00, -1086.63 }, { -580.00, -0.00, -1060.00 }, { -620.00, -0.00, -1060.00 }, { -654.69, 5.00, -1045.59 }, { -620.00, -0.00, -960.00 }, { -662.34, 2.61, -944.46 }, { -641.69, -0.00, -878.63 }, { -582.47, 0.00, -841.55 }, { -574.97, 0.00, -855.96 }, { -610.00, 0.00, -884.00 }, { -818.87, 3.57, -1041.18 }, { -749.21, 6.92, -1104.64 }, { -1060.00, 8.00, -960.00 }, { -849.83, -0.00, -1005.01 }, { -873.35, 3.45, -950.57 }, { -1215.00, -3.00, -1255.28 }, { -411.79, -3.00, -1255.28 }, { -411.79, -3.00, -500.00 }, { -1215.00, -3.00, -500.00 }, { -1215.00, 10.00, -1255.28 }, { -411.79, 10.00, -1255.28 }, { -411.79, 10.00, -500.00 }, { -1215.00, 10.00, -500.00 }]

    Normals: [59, 92, 59, 41, 40, 41, 2, 41, 158, 158, 158, 2, 167, 2, 2, 2, 2, 2, 2, 2, 2, 2, 2, 2, 2, 2, 2, 2, 2, 2, 2, 2, 17, 17, 2, 2, 2, 2, 2, 2, 2, 2, 2, 2, 2, 2, 2, 2, 2, 2, 2, 2, 2, 2, 2, 2, 2, 2, 2, 2, 2, 2, 2, 2, 2, 59, 2, 59, 59, 59, 2, 59, 2, 2, 2, 2, 2, 2, 2, 17, 2, 2, 2, 2, 2, 2]

    UVs: 69.85, 31.71, 72.15, 29.53, 77.09, 41.63, 69.73, 43.74, 69.48, 46.70, 59.45, 44.60, 51.07, 41.10, 52.31, 39.77, 51.07, 41.10, 59.45, 44.60, 48.65, 40.68, 46.10, 35.81, 51.07, 41.10, 48.65, 40.68, 45.21, 38.13, 48.58, 33.16, 37.39, 23.90, 38.63, 22.58, 32.50, 22.60, 31.77, 18.57, 38.51, 30.91, 34.25, 10.63, 31.77, 13.28, 31.77, 7.99, 34.25, 15.92, 28.17, 14.84, 24.76, 6.62, 39.23, 0.05, 22.56, 17.91, 27.28, 26.36, 17.16, 26.54, 13.21, 19.82, 5.95, 24.65, 0.05, 17.25, 3.16, 15.92, 18.85, 8.97, 37.71, 44.51, 35.50, 48.99, 26.79, 37.09, 33.26, 34.62, 23.06, 39.73, 15.57, 27.59, 38.65, 48.07, 47.76, 66.82, 69.29, 50.91, 67.02, 58.62, 50.58, 70.33, 68.01, 72.55, 59.08, 78.56, 65.03, 82.94, 69.56, 78.16, 59.00, 46.40, 68.37, 48.36, 46.45, 64.57, 44.18, 58.96, 47.85, 42.36, 40.32, 47.50, 44.22, 39.68, 39.39, 44.00, 95.20, 79.41, 99.95, 78.10, 96.98, 93.81, 93.95, 89.99, 82.73, 99.95, 84.00, 93.96, 78.97, 92.26, 84.00, 79.41, 75.90, 87.83, 79.03, 79.41, 71.25, 77.64, 79.03, 74.12, 74.05, 74.12, 69.74, 72.22, 74.05, 60.89, 68.79, 58.84, 71.36, 50.13, 78.72, 45.23, 79.65, 47.13, 79.03, 55.60, 49.32, 71.63, 57.98, 80.02, 19.33, 60.89, 45.47, 66.85, 35.50, 48.99, 42.54, 59.65, 38.65, 48.07

    Enclosed Shape: [0, 1, 2, 3, 4, 5, 6, 7, 6, 5, 8, 9, 6, 8, 10, 11, 12, 13, 14, 15, 16, 17, 18, 19, 20, 21, 22, 23, 24, 25, 26, 27, 28, 29, 30, 31, 32, 33, 34, 35, 36, 37, 38, 39, 40, 41, 42, 43, 44, 45, 46, 47, 48, 49, 50, 51, 52, 53, 54, 55, 56, 57, 58, 59, 60, 61, 62, 63, 64, 65, 66, 67, 68, 69, 70, 71, 72, 73, 74, 75, 76, 77, 78, 33, 79, 38]

    Surface Sides: [1, 1, 1, 1, 1, 1, 1, 1, 1, 1, 1, 1, 1, 1, 1, 1, 1, 1, 1, 1, 1, 1, 1, 1, 1, 1, 1, 1, 1, 1, 1, 1, 1, 1, 1, 1, 1, 1, 1, 1, 1, 1, 1, 1, 1, 1, 1, 1, 1, 1, 1, 1, 1, 1, 1, 1, 1, 1, 1, 1, 1, 1, 1, 1, 1, 1, 1, 1, 1, 1]

    Indices Sides: [[0, 1, 2, 0], [3, 0, 2, 0], [3, 2, 4, 0], [5, 6, 7, 0], [5, 7, 3, 0], [4, 5, 3, 0], [8, 9, 10, 0], [11, 12, 13, 0], [11, 13, 14, 0], [15, 11, 16, 0], [17, 15, 16, 0], [18, 19, 16, 0], [20, 18, 16, 0], [20, 16, 11, 0], [14, 20, 11, 0], [21, 22, 23, 0], [24, 19, 22, 0], [18, 25, 19, 0], [22, 19, 25, 0], [26, 27, 23, 0], [25, 26, 23, 0], [25, 23, 22, 0], [28, 29, 30, 0], [28, 30, 31, 0], [32, 33, 34, 0], [31, 32, 34, 0], [31, 34, 35, 0], [28, 31, 35, 0], [36, 37, 38, 0], [39, 36, 38, 0], [29, 39, 38, 0], [30, 29, 38, 0], [30, 38, 40, 0], [30, 40, 41, 0], [37, 36, 42, 0], [43, 44, 45, 0], [46, 43, 45, 0], [46, 45, 47, 0], [48, 46, 47, 0], [49, 48, 47, 0], [50, 49, 47, 0], [51, 52, 53, 0], [51, 53, 54, 0], [55, 51, 54, 0], [55, 54, 56, 0], [57, 55, 56, 0], [58, 57, 56, 0], [59, 60, 61, 0], [62, 59, 61, 0], [62, 61, 63, 0], [64, 62, 63, 0], [64, 63, 65, 0], [66, 64, 65, 0], [66, 65, 67, 0], [66, 67, 68, 0], [68, 67, 69, 0], [70, 68, 69, 0], [71, 70, 69, 0], [71, 69, 72, 0], [73, 71, 72, 0], [73, 72, 74, 0], [75, 76, 77, 0], [75, 77, 78, 0], [74, 75, 78, 0], [74, 78, 73, 0], [79, 80, 81, 0], [82, 79, 81, 0], [82, 81, 83, 0], [84, 82, 83, 0], [85, 84, 83, 0]]

    